0.16958 0.10055 0.21556 0.097429 0.14807 0.047848 0.22096
0.18085 0.10259 0.13221 0.17853 0.057297 0.24465 0.10388
-0.17333 0.046557 0.3473 0.15591 0.049966 0.14774 0.42585
0.39628 0.20266 0.049232 0.15446 0.053048 0.13189 0.012427
0.065876 0.014408 -0.12658 0.44014 0.17275 0.53022 -0.096796
0.30609 -0.023068 -0.029591 0.025839 0.51699 0.092911 0.11083
0.43244 0.048161 -0.052241 0.26047 0.032534 0.18042 0.098213
0.18092 0.038058 -0.030585 0.30648 0.31933 0.098974 0.086813
0.025112 0.11408 0.24378 0.0636 0.31649 0.12504 0.1119
0.07654 0.16804 0.026069 0.11647 -0.053719 0.27032 0.39628
0.50433 0.23072 -0.19522 0.19569 -0.15609 0.39327 0.027301
-0.1685 0.071118 0.077364 0.13728 0.44962 0.36987 0.063245
0.10403 0.038087 0.1464 0.081442 0.2273 0.10456 0.29817
0.1504 0.045563 0.050665 0.14247 0.71706 -0.15104 0.044888
0.0032245 0.065328 0.0014009 0.72313 0.097442 0.090943 0.018531
0.128 0.030233 0.10341 0.061261 0.034991 0.60832 0.033779
-0.019901 0.074522 0.19356 0.16015 0.17687 0.19835 0.21645
0.05915 0.055505 0.035808 0.42128 0.1713 0.23024 0.026718
0.019477 0.058179 -0.03178 0.71808 0.16896 0.076704 -0.0096233
0.11873 0.16678 0.14506 0.24199 -0.01821 0.2694 0.076251
0.20993 0.081641 -0.023994 0.083472 0.35445 0.14802 0.14649
0.19327 0.087704 0.05733 0.050192 0.34029 0.2354 0.035812
-0.21063 -0.0070681 0.46394 0.12152 0.20362 0.3013 0.12732
-0.20881 0.079028 0.3597 0.013176 0.47428 0.15749 0.12514
0.025144 0.16644 0.20013 0.36221 0.032537 0.13913 0.074414
0.15972 0.038147 0.055627 0.38523 0.16147 0.15086 0.04895
0.079378 0.070326 0.35392 0.21957 0.06605 0.12726 0.083501
0.19766 0.11299 0.063588 0.21055 0.1186 0.14478 0.15183
-0.11099 0.083905 0.089567 0.28689 0.45718 0.080394 0.11306
-0.37615 0.05924 0.68168 0.02647 0.50813 0.20743 -0.1068
0.30497 0.044152 0.15064 -0.025994 0.086083 0.22725 0.2129
0.36711 0.11594 -0.022228 -0.025541 0.25215 0.2336 0.078979
0.11072 0.08363 0.22479 0.067573 0.41266 0.017101 0.083522
0.025167 0.081296 0.34243 0.10364 0.1721 0.026594 0.24878
0.11332 0.41452 0.057334 0.088748 0.18903 0.040879 0.09616
0.1259 0.19387 0.071945 0.13498 0.33189 0.09728 0.044137
0.19532 0.20905 0.09958 0.076 0.18841 0.1372 0.094441
0.15547 0.080297 -0.024093 0.17701 0.33592 0.13309 0.1423
0.03669 0.048131 0.11774 0.13461 0.12426 0.51859 0.019982
0.39811 0.093718 0.059766 0.052611 0.18706 0.04502 0.16372
0.19016 0.22166 0.069783 0.070567 0.37261 -0.00074491 0.075965
0.11657 -0.33786 -0.080129 0.79188 0.30731 0.19813 0.0040978
0.14887 0.0398 0.11554 0.3079 0.098057 0.031429 0.2584
0.10994 0.0088065 0.095373 0.29336 0.34885 0.035097 0.10857
0.117 0.072139 0.21492 0.064606 0.3283 0.27986 -0.076834
-0.0088471 0.014334 0.0030762 0.063496 0.47636 0.28551 0.16607
0.41228 0.26016 0.012612 0.22055 0.057575 0.01871 0.018116
0.036839 0.042844 0.015895 0.85408 0.020245 0.036461 -0.0063611
0.6387 0.07497 -0.18389 0.21147 0.13194 0.048772 0.078041
0.10685 0.13045 -0.16135 0.24082 0.33217 0.29291 0.058147
0.11202 0.21259 0.022711 0.30129 0.13474 0.16904 0.04761
0.23287 0.051516 0.10662 0.096001 -0.019861 0.42889 0.10396
0.32376 0.055237 0.26517 0.1183 -0.12054 0.28598 0.072101
0.14119 0.041087 0.17702 0.068144 0.57768 -0.029564 0.024445
0.066073 0.04563 -0.0043183 0.80798 0.0037436 -0.018227 0.099122
0.37171 0.064541 0.024515 0.18529 0.10683 0.059853 0.18726
0.035754 0.046013 0.35125 0.11739 0.40048 0.29433 -0.24522
0.077575 0.14575 -0.0021846 0.45395 0.1647 0.14745 0.012764
0.12234 0.052768 0.020691 0.10158 0.51007 0.14435 0.048198
-0.094362 0.094553 0.19574 0.108 0.19169 0.15107 0.35331
-0.30843 0.048372 0.22311 0.097418 0.89117 0.32784 -0.27948
0.12653 0.080712 0.22882 0.32457 0.10224 0.057573 0.079557
0.0080773 0.22075 0.084946 0.18706 0.26336 0.16677 0.069037
0.17778 0.031399 0.22071 0.15177 0.14667 0.10153 0.17015
-0.52209 0.16384 0.036403 0.10069 0.20627 0.92265 0.092248
0.021182 0.10005 0.21974 0.67014 0.19376 -0.19308 -0.011789
0.20779 0.080953 0.70136 0.21115 -0.46158 0.10742 0.1529
0.016632 0.0094479 0.084937 0.37358 0.41215 0.0916 0.011649
0.091952 0.098993 0.040933 0.11035 0.346 0.28703 0.024745
-0.22574 0.037461 0.55495 0.13049 0.22321 0.11023 0.16939
0.14902 0.058882 0.24107 -0.095836 0.31135 0.23639 0.099119
0.17655 -0.083682 0.078423 0.59239 0.27058 -0.21019 0.17593
-0.60008 0.1044 0.62244 0.21231 0.39602 0.11363 0.15128
0.16133 0.12163 0.13149 0.068596 0.15987 0.1484 0.20868
0.25683 -0.0082725 0.039247 0.13858 0.37315 0.17456 0.025911
-0.13918 0.18153 0.11758 0.28293 0.29803 0.20547 0.053632
-0.1068 0.071204 0.11856 0.31127 0.30249 0.032436 0.27084
0.050153 0.097949 0.10442 0.21029 0.23598 0.071255 0.22996
0.080751 0.11459 0.095331 0.17659 0.39135 0.077441 0.063944
0.29615 0.056634 -0.083352 0.31386 0.12752 0.28947 -0.00029481
-0.054184 0.041137 0.18218 0.054563 0.65133 0.074985 0.049984
0.053353 -0.044641 0.006511 0.34247 0.25048 0.25082 0.141
0.48358 0.095236 -0.0065336 0.1677 0.20471 -0.0044668 0.059769
0.12292 0.077064 -0.24039 0.41252 0.32828 0.27356 0.026045
-0.0034454 -0.032662 0.29087 0.11686 0.36976 0.066165 0.19245
0.095088 0.13725 0.17786 0.030979 0.28647 -0.015402 0.28775
-0.029629 0.12397 0.15182 0.30759 0.23244 0.054909 0.15891
0.25878 0.092239 0.047964 0.18284 0.14087 0.15747 0.11984
-0.025784 0.10399 -0.026821 0.46545 0.10807 0.29637 0.078729
-0.75181 0.17389 1.2631 0.20047 0.083993 -0.0040641 0.03445
0.067366 0.027403 -0.0028593 0.61261 0.1753 0.14209 -0.021916
0.11737 0.13376 0.16208 0.030046 0.32438 0.045793 0.18657
0.13782 0.24565 0.075652 0.10825 0.092165 0.19685 0.14361
0.083013 0.13678 0.061784 0.29271 0.36942 0.017047 0.03925
-0.20961 0.075692 0.044296 0.52678 0.028534 0.54765 -0.013336
0.027915 0.062558 -0.072216 0.091491 0.33775 0.36939 0.18311
-0.019239 0.03303 0.10484 0.12169 0.19262 0.40541 0.16165
0.04209 0.38531 0.023271 0.075278 0.27268 0.14937 0.051988
0.3213 0.070216 0.5351 0.065444 0.044875 0.06146 -0.098398
0.013944 0.022442 0.015514 0.069906 0.077971 0.44626 0.35396
-0.0035433 0.039374 -0.0053086 0.14939 0.40893 0.14463 0.26653
0.18803 0.093874 0.71085 0.22012 0.17873 -0.53566 0.14407
-0.25527 0.10571 0.55229 0.083754 0.2329 0.07078 0.20983
0.081701 0.028638 0.053198 0.06139 0.48247 0.21257 0.080034
0.19748 0.10269 0.86035 0.069661 -0.22439 -0.088997 0.083201
0.025976 0.20129 0.2352 0.1315 0.2237 0.13888 0.043461
0.0995 0.18602 0.1896 0.096165 0.027538 0.22156 0.17961
0.022645 0.066513 -0.0082781 0.86799 0.028389 0.026396 -0.0036511
0.30046 0.096842 0.038338 0.079259 0.085289 0.3103 0.089517
0.27603 0.10233 0.11307 0.12548 0.21399 0.061633 0.10746
0.10085 0.11238 0.25827 0.34722 0.20393 -0.043488 0.020857
0.22719 0.063386 0.045698 0.27513 0.20545 -9.0498e-05 0.18323
0.036994 0.13411 -0.011763 0.34034 0.33019 0.16653 0.0036029
0.1394 0.08274 0.25421 0.20931 0.1607 -0.084584 0.23823
-0.16164 0.054856 0.048863 0.8821 0.097767 0.068008 0.01005
0.29392 0.052331 -0.045277 0.083655 0.065383 0.045018 0.50497
0.078814 0.090883 0.091982 0.12396 0.19502 0.31779 0.10155
-0.023508 0.081545 0.096759 0.10027 0.17257 0.29203 0.28034
0.15825 0.25212 0.025604 0.1009 0.22245 0.13503 0.10564
0.19801 -0.26968 0.21993 0.048868 0.45625 0.032372 0.31425
0.018555 0.15678 0.034687 0.33263 0.28885 0.13831 0.030189
0.0087345 0.087306 0.098341 0.54422 0.15959 0.055329 0.046488
0.16622 0.048954 0.07933 0.29191 0.26126 0.11263 0.0397
0.028693 -0.070786 0.096241 0.16245 0.38907 0.20297 0.19136
-0.5529 0.08427 1.0818 0.10855 0.010513 -0.094695 0.36249
0.3655 0.077913 -0.045102 0.10048 0.24435 0.080863 0.176
0.20922 0.059161 0.090104 0.18774 0.17818 0.16083 0.11477
0.14224 0.039116 0.49391 0.049687 0.17909 0.10511 -0.0091505
0.22785 0.14587 0.052684 0.47147 0.099029 -0.027059 0.030151
0.053847 0.010165 0.16036 0.16429 0.29353 0.25951 0.058291
0.04856 -0.075008 0.23511 0.17891 0.35638 0.13377 0.12228
0.21156 0.040562 0.43865 0.14452 0.0008585 0.12616 0.037682
-0.063434 0.052731 0.036451 0.81716 0.043892 0.075873 0.037326
0.1943 -0.25438 0.16357 0.42328 0.14087 0.25564 0.076727
0.26399 0.058623 0.041056 0.074701 0.4014 0.12464 0.03558
0.30367 0.20634 0.0049505 0.26052 0.1574 0.044003 0.023126
0.22866 0.081822 -0.038314 0.25334 0.24338 0.14674 0.084376
0.11874 0.12495 0.1103 0.083754 0.28947 0.42216 -0.14937
0.12149 0.040042 0.066357 0.20957 0.50301 0.059119 0.00040978
0.21445 0.040477 0.05268 0.062994 0.59696 -0.020008 0.052451
0.15178 0.21091 -0.012633 0.37888 0.22491 0.048214 -0.0020522
0.022497 0.059572 0.092166 0.38784 0.21579 0.096846 0.12528
0.080403 0.057721 0.18784 0.086055 0.30979 0.18192 0.096264
0.042068 0.041666 0.11279 0.88328 0.0048689 0.043974 -0.12865
0.091854 -0.012201 0.17386 0.17401 0.137 0.031873 0.4036
0.092893 0.032385 0.1698 0.20259 0.33078 0.1633 0.0082558
0.30457 0.057453 0.13175 0.19851 0.10752 0.14953 0.050666
0.37592 0.15396 0.070035 0.10754 0.12183 0.17754 -0.0068217
0.0061163 -0.054188 0.18279 0.16021 0.25295 0.35684 0.095291
0.29596 0.059336 0.25299 0.1094 0.038435 0.10652 0.13736
0.1067 0.041989 -0.01401 0.51547 0.22997 0.10968 0.010203
0.029533 0.035741 0.91386 0.054878 -0.44898 0.024196 0.39077
0.13913 0.042123 0.15345 0.34894 0.010985 0.23768 0.067678
0.030174 0.088306 -3.7282e-05 0.51223 0.15729 0.19718 0.014863
0.1551 0.039795 0.059605 0.11886 0.45905 0.078901 0.088683
0.25667 0.089033 0.017441 0.064882 0.29346 0.31762 -0.039108
0.053257 0.085896 0.044532 0.10436 0.28253 0.36289 0.06653
0.16669 0.055271 0.057193 0.24768 0.24221 0.025755 0.20521
0.17456 0.19089 0.025194 0.17889 0.26588 0.16503 -0.00043791
0.068165 0.050571 0.20134 0.13447 0.16369 0.29892 0.082846
0.31574 0.055287 0.13926 0.05826 0.10223 0.15138 0.17784
0.1227 0.0003216 0.23092 0.067154 0.32355 0.12527 0.13008
0.42653 0.065239 0.15398 0.11209 0.10839 0.29955 -0.16579
-0.0084507 0.098744 0.1032 0.11936 0.59995 -0.033019 0.12021
0.10606 0.22788 0.084705 0.010356 0.17611 0.31463 0.080248
-0.16324 0.20028 -0.11002 0.098566 0.6552 0.10633 0.21287
0.22579 0.1231 -0.028085 0.27726 0.15573 0.04819 0.19801
0.14054 0.044338 0.057093 0.1122 0.5311 0.082742 0.031994
0.064676 0.042333 0.27953 0.072539 0.11788 0.34118 0.081863
0.13963 0.086932 0.42508 0.1445 0.035458 0.146 0.022397
-0.16103 0.036829 0.1406 0.16983 0.36992 0.2779 0.16596
0.0063833 0.07146 0.050049 0.39394 0.093044 0.22522 0.1599
0.30884 0.044944 0.006363 0.12709 0.22879 -0.10556 0.38953
0.11705 0.10496 -0.0075832 0.15569 0.58943 -0.14585 0.18631
0.34618 0.13583 0.087737 0.099468 0.32953 -0.0010378 0.0022897
0.09702 0.040476 0.073976 0.39338 0.27147 0.10971 0.013965
0.48783 0.067302 -0.010861 0.1945 0.2038 0.10552 -0.048089
0.19332 0.832 0.029149 -0.41829 0.11989 0.26524 -0.021308
0.031931 0.029033 -0.06535 0.54059 0.12087 0.37863 -0.035708
0.094666 0.09112 0.06251 0.31547 0.26732 0.16232 0.0065916
0.024634 0.08688 0.18779 0.088329 0.037794 0.14653 0.42804
0.15273 0.21565 -0.092808 0.12807 0.2867 0.098594 0.21105
0.37617 0.13448 0.068016 0.023125 0.09169 0.20494 0.10157
0.43776 0.1033 0.059281 0.034744 0.013675 0.064912 0.28633
0.016064 0.028811 0.023792 0.71257 0.069625 0.14746 0.0016818
0.084455 0.043597 0.12885 0.081866 0.22991 0.39143 0.039887
0.11544 0.13694 0.035654 0.20364 0.38738 0.090147 0.030807
0.20498 -0.17913 0.22592 0.10058 0.44929 0.12602 0.072339
0.15432 0.01533 0.10291 0.27606 0.030539 0.26046 0.16037
0.2572 0.063662 0.07467 0.068224 0.34804 0.078025 0.11017
0.1967 -0.015248 -0.031854 0.049808 0.39378 0.31739 0.08942
0.074091 0.07856 -0.017836 0.6559 0.072152 0.077585 0.059551
0.074117 0.058881 0.055216 0.056925 0.35233 0.094 0.30853
0.13112 0.070238 0.53478 0.055647 0.4137 -0.18711 -0.018373
0.012109 0.26259 0.18084 0.1787 0.19066 0.048532 0.12658
0.017617 0.046866 0.1077 -0.42477 0.090063 1.0642 0.098312
-0.1214 0.058679 0.12671 0.12074 0.19537 0.48893 0.13097
0.17149 0.12259 0.046655 0.1682 0.45409 -0.027502 0.064471
0.20727 0.028453 0.72279 -0.38396 0.17746 0.19077 0.057225
0.2053 0.10973 0.17542 0.13873 0.1546 0.17673 0.039493
0.23989 0.54385 0.022677 0.038764 -0.22778 0.12207 0.26054
0.3681 -0.16742 0.28381 0.057852 0.10793 0.17089 0.17883
0.45512 0.042678 0.18174 0.069309 0.11567 -0.0032877 0.13877
-0.0016625 0.10259 -0.049633 0.15891 0.24089 0.47276 0.076135
0.090175 0.16979 0.044325 0.22738 0.14934 0.29787 0.02112
0.085767 -0.097475 0.18699 0.10786 0.60339 -0.030801 0.14427
0.15167 -0.18437 0.10292 0.53481 0.11615 0.096964 0.18186
0.10035 0.23051 0.033934 0.056294 0.38161 0.014625 0.18268
0.29873 0.050499 0.082689 0.1732 0.27039 0.11487 0.0096265
0.13627 0.1887 0.042645 0.24657 0.25794 0.062463 0.065412
0.26981 0.3705 0.10455 0.3845 -0.16014 0.016098 0.014678
0.055562 -0.0030916 0.1767 0.26214 0.11034 0.34353 0.054819
0.022353 -0.014263 -0.32133 0.18458 0.30398 0.77103 0.053651
0.13186 0.16263 0.076663 0.13919 0.16707 0.33314 -0.010554
0.075236 0.01312 -0.005023 0.087393 0.56028 0.3399 -0.070901
0.19931 0.16637 0.020265 0.14697 0.26403 0.094441 0.10862
0.15653 0.13802 0.24163 0.15965 0.26621 -0.041571 0.079539
0.047009 0.017474 0.17087 0.13413 0.29429 0.28913 0.047096
0.14978 -0.1588 0.40937 0.28548 0.34984 -0.1493 0.11362
0.10749 -0.070461 0.30605 0.086026 0.22356 0.23868 0.10865
-0.21034 0.037862 0.22628 0.6036 0.089417 0.22514 0.028047
0.1131 0.23008 0.0015086 0.1328 0.13338 0.13797 0.25117
0.13929 0.086386 0.071563 0.17844 0.35066 0.084524 0.089144
0.042261 0.045719 0.72268 0.081494 0.20179 0.015666 -0.10961
0.24789 0.064466 0.080421 0.18571 0.11627 0.23396 0.071283
0.13708 0.16767 0.086495 0.21632 0.15548 0.14967 0.087282
0.013325 0.055458 0.051472 0.43638 0.20567 0.21949 0.01821
-0.31732 0.15403 0.090018 0.06973 0.43832 0.50869 0.056535
0.27597 0.046656 0.047559 0.24855 0.13389 0.25452 -0.0071339
0.19889 0.10079 0.074358 0.16575 0.18154 0.13071 0.14796
-0.023104 0.15675 0.21156 0.11603 0.39477 0.070994 0.073003
-0.0049613 0.13702 0.11829 0.47403 0.026044 0.19355 0.056031
0.15416 0.10984 -0.060743 0.13733 0.30139 0.01159 0.34644
0.16484 0.10733 0.28998 0.091297 0.083865 0.15906 0.10363
0.14303 0.39115 -0.42326 0.10607 0.26891 0.21317 0.30093
0.26489 0.03673 0.10949 0.254 0.084135 0.076379 0.17438
0.2903 0.048195 0.10644 0.11432 0.033009 0.26826 0.13948
0.089102 0.058126 0.028653 0.48346 0.076354 0.26292 0.0013882
0.085067 0.19201 0.029994 0.092263 0.25288 0.16479 0.183
0.16073 0.047025 0.16618 0.12251 0.31903 0.43842 -0.2539
0.38303 0.14343 0.042046 0.089534 0.0099829 0.26562 0.06636
0.0844 0.00066909 0.073542 0.16028 0.46041 0.0051272 0.21558
0.8926 0.068413 0.13824 0.54275 -0.85798 0.085839 0.13014
0.23394 0.044714 -0.32029 0.065049 0.50877 0.41011 0.057709
0.024936 0.037401 -0.052479 0.13907 0.35535 0.38716 0.10856
0.39821 0.072303 0.16067 0.25183 0.012722 0.026838 0.077427
0.041117 0.09443 0.1505 0.10422 0.079722 0.19864 0.33136
0.074974 0.046048 0.044253 0.091071 0.37036 0.15429 0.21901
0.067755 0.10273 0.1162 0.24692 0.35605 0.24491 -0.13456
0.15048 -0.089114 0.0075741 0.14643 0.45669 0.1786 0.14933
0.064128 0.022251 0.14304 0.067871 -0.1926 0.26448 0.63083
-0.17263 0.24797 0.45618 0.03393 0.048349 0.24755 0.13865
0.26413 0.10001 0.070971 0.25568 0.10613 0.082657 0.12041
0.21353 -0.29618 0.037476 0.31104 0.14455 0.30364 0.28595
0.21029 0.083225 0.02826 0.086031 0.069261 0.33406 0.18887
0.066704 0.046516 0.26395 0.068728 0.083919 0.37994 0.090241
-0.017606 0.18614 0.10424 0.1495 0.045346 0.37959 0.15279
0.13434 -0.25278 0.16588 0.086937 0.36441 0.34387 0.15733
0.16535 0.02309 -0.20339 0.17217 0.44564 0.24892 0.14822
0.11664 0.13802 0.22712 0.080061 0.14568 0.10192 0.19056
0.28352 0.047307 0.1273 0.17288 0.14379 0.14868 0.076524
0.5055 0.033971 0.14641 0.24594 -0.088175 0.15203 0.0043214
0.026829 -0.052485 -0.014744 0.80284 0.10322 0.12874 0.0056049
0.086103 0.057928 -0.066575 0.073547 0.30813 0.34122 0.19964
0.56028 0.058459 0.04537 0.25873 0.065543 -0.003645 0.015262
0.10781 0.13727 0.11859 0.31135 0.080962 0.26996 -0.025935
0.21209 0.067086 -0.10599 0.088339 0.16897 0.23394 0.33556
0.36251 0.066011 0.16927 0.10475 0.19003 -0.067797 0.17522
0.069146 0.24891 0.054693 0.21781 0.16065 0.18499 0.063815
0.18743 0.10638 0.029451 0.38019 0.17115 0.10361 0.021797
0.04524 0.11644 -0.02159 0.035031 0.72225 0.16017 -0.05754
0.24495 0.070448 0.80453 0.11908 -0.39424 0.049461 0.10576
0.48621 0.096322 0.12086 0.1494 0.060828 0.026413 0.059967
-0.45398 0.070368 0.75325 0.15332 0.30281 0.11621 0.058013
0.35241 0.087143 0.040662 0.078432 0.17645 0.1386 0.1263
-0.0076329 0.050088 0.26593 0.15393 0.15158 0.27452 0.11158
-0.082394 0.10188 0.29277 0.18664 0.31272 0.20934 -0.020973
0.25768 0.052323 0.17123 0.072994 0.17075 0.17295 0.10208
0.060539 0.096666 0.055212 0.23599 0.30952 0.23576 0.0063127
0.16198 0.11038 0.16101 0.038082 0.16394 0.070417 0.29418
0.28469 0.17797 0.047328 0.24612 0.096528 0.066211 0.081162
0.28348 0.12265 0.11855 0.088174 0.23232 0.08943 0.065406
0.028649 0.036831 -0.005067 0.7954 0.18279 0.0033358 -0.041935
0.23297 0.087349 0.15041 0.15037 0.13359 0.10055 0.14476
0.11889 -0.09813 0.2365 0.13371 0.20387 0.34298 0.06217
0.29714 0.064811 0.32156 0.1085 0.021555 0.070888 0.11555
0.1762 0.082087 0.056518 0.072007 0.17421 0.085487 0.35349
0.017643 0.04836 0.018062 0.11431 0.3545 0.34537 0.10176
0.36624 0.012106 0.10723 0.12156 0.045256 0.14444 0.20317
0.080226 0.049057 0.073842 0.1061 0.20605 0.41663 0.068095
-0.23142 0.14505 0.20239 0.39772 0.25017 0.087351 0.14874
0.22825 0.34104 -0.0017404 0.22505 0.18999 0.049197 -0.031783
0.34941 0.095524 0.022442 0.17061 0.19701 0.18788 -0.022871
0.25188 0.018479 0.088274 0.15221 0.19641 0.28566 0.0070857
0.18065 0.036259 0.20281 0.20276 0.13726 0.23166 0.0085911
0.051616 0.038563 0.18047 0.081476 0.56899 -0.019076 0.097955
0.16798 0.15194 0.05731 0.30999 0.12414 0.059654 0.12899
-0.082293 0.0695 0.26061 0.079435 0.095024 0.027946 0.54977
-0.19521 0.1834 0.089294 0.12648 0.51246 0.061043 0.22253
-1.052 0.08901 0.14075 1.4066 0.25366 0.05325 0.1087
0.031579 0.067825 0.043869 0.1598 0.077701 0.37174 0.24749
0.073414 0.054248 0.037192 0.55995 0.14341 0.043777 0.088008
0.43714 -0.027524 0.59629 -0.21784 0.026005 0.09532 0.090608
0.17807 0.049888 0.25138 0.094291 0.27047 -0.089484 0.24539
-0.13991 0.05892 0.16814 0.17948 0.30805 0.28268 0.14265
0.10834 0.10986 0.079433 0.18768 0.31447 0.034349 0.16587
0.034205 0.12686 0.0024532 0.13469 0.35963 0.26522 0.076947
0.21613 -0.030128 0.082452 0.16112 0.27749 0.18279 0.11014
-0.30711 0.16809 0.58145 0.13491 0.092399 0.041507 0.28875
0.28356 0.060298 -0.12495 0.12432 0.34892 0.052971 0.25488
0.38199 0.089138 0.3324 0.056078 -0.046647 0.066244 0.1208
0.10894 0.32124 0.082097 0.097421 0.10938 0.4015 -0.12059
0.098672 -0.10336 0.56628 0.025499 0.18734 -0.10411 0.32968
0.0094608 0.052811 0.058696 0.084968 0.25786 0.43148 0.10472
0.046959 0.17058 0.0081399 0.56801 0.06182 0.12342 0.02107
-0.62273 1.0487 0.066313 0.19378 0.11805 0.17302 0.022826
0.0137 0.18205 0.0073175 0.44661 0.19694 0.0315 0.12188
0.030527 0.11087 0.0063375 0.072614 0.35957 0.25386 0.16621
0.064846 0.10078 0.056703 0.45538 0.13178 0.13662 0.053887
-0.0045155 0.053775 0.11387 0.42843 0.09634 0.29397 0.018126
0.046498 0.027953 0.078008 0.35477 0.19754 0.2453 0.049932
-0.030278 0.11666 0.12477 0.096789 0.056147 0.14547 0.49044
0.13915 0.050891 -0.023428 0.11857 0.53701 0.11878 0.059024
0.31528 0.074015 0.15227 0.090666 0.02528 0.094332 0.24815
0.24772 0.038301 0.054579 0.36698 0.20078 0.10082 -0.0091745
0.064192 0.08286 0.040908 0.58988 0.13773 0.091093 -0.0066682
0.074787 0.040016 -0.13088 0.16279 0.47512 0.3593 0.01887
0.16625 0.29588 -0.036352 0.056372 0.18903 0.17352 0.15531
0.10827 0.15907 0.039297 0.033395 0.40551 -0.18497 0.43943
0.14065 0.08062 0.36811 0.12445 0.044372 0.14692 0.094873
0.12772 0.091048 -0.21879 0.26959 0.40575 0.066032 0.25865
0.10929 0.44827 -0.035384 0.079878 0.32768 0.17727 -0.10701
0.016292 0.076783 -0.027423 0.27969 0.10216 0.49268 0.059814
0.15093 0.090698 0.088976 0.13085 -0.097318 0.34484 0.29103
0.21646 0.25877 -0.053151 0.02884 0.14077 0.13303 0.27529
0.44554 0.09641 0.033491 0.086151 0.20453 0.042437 0.091443
0.22701 0.088389 0.096782 0.056544 0.17083 0.15111 0.20934
0.28088 0.063287 -0.02807 0.086741 0.51813 0.11919 -0.040161
0.13291 -0.037515 0.065753 0.26392 0.16764 0.37673 0.030558
0.17984 -0.0065356 0.006839 0.70794 0.049839 0.09564 -0.033563
0.14722 0.042722 -0.095749 0.11287 0.23781 0.29514 0.25999
0.029716 0.11745 -0.15978 0.034101 0.51384 0.32552 0.13916
0.31029 0.086374 -0.024838 0.086028 0.15707 0.21319 0.17189
0.11434 0.074348 0.14347 0.35287 0.22945 -0.030727 0.11625
0.095261 0.12205 0.084812 0.038192 0.3648 0.20455 0.090336
0.2011 0.057371 -0.045501 0.10878 0.23688 0.59514 -0.15376
0.18408 0.044093 0.12761 0.21901 0.11141 0.12326 0.19053
0.17017 0.098892 0.1407 0.2746 -0.057116 0.13527 0.23748
0.14283 -0.073087 -0.0016149 0.049478 0.5704 0.22771 0.084279
0.094789 0.072083 0.27544 0.16437 0.26777 0.083882 0.041664
0.13694 0.13601 -0.035947 0.25214 -0.050469 0.56677 -0.0054496
0.55255 0.092641 0.11322 0.032024 0.01016 0.042914 0.15649
0.051242 0.28937 -0.056634 0.22851 0.38162 0.06535 0.040549
0.20032 0.18631 0.091135 0.50197 0.026857 -0.041457 0.034865
0.050183 0.024745 0.555 -0.0053665 0.0041746 -0.0081146 0.37938
0.066497 0.022861 0.077642 0.075523 0.28672 0.26693 0.20383
0.06575 0.14484 0.0019805 0.31755 0.27191 0.17049 0.027474
0.31459 -0.0080341 0.17218 0.092944 0.23096 0.071965 0.1254
0.45338 0.038922 -0.058784 0.13403 0.1636 0.067888 0.20096
0.041696 0.033778 0.35618 0.088365 0.34641 0.051022 0.082549
0.16183 0.12322 -0.10571 0.187 0.12593 0.16738 0.34034
0.076163 0.029444 -0.076925 0.25093 0.11471 0.043708 0.56196
0.079873 0.1031 -0.022166 0.36708 0.33501 0.073277 0.06383
0.18818 0.16828 0.029982 0.13149 0.029264 0.43608 0.016727
0.19966 0.060593 0.18517 0.18662 0.10542 0.11497 0.14758
0.10642 0.007342 0.10894 0.11995 0.76047 -0.09611 -0.0070097
0.10505 0.14082 0.141 0.20507 0.14337 0.16338 0.10131
0.40778 0.065586 0.203 0.15628 0.037347 0.071866 0.058143
0.24959 0.087475 0.071033 0.39673 -0.12101 0.26314 0.053051
0.061767 0.14579 -0.00035835 0.36899 0.25638 0.13444 0.032992
0.274 0.1024 0.1854 0.23636 0.041094 0.017647 0.1431
0.064831 0.055745 0.1345 0.06583 0.22873 0.11255 0.33782
-0.035886 0.083668 0.16329 -0.06251 0.12449 0.68146 0.04549
0.054871 0.053008 0.3121 0.035613 0.24402 0.12591 0.17448
0.14655 0.16471 -0.022746 0.11352 0.39852 0.10024 0.099211
0.40368 0.060723 0.078753 0.14787 0.26522 0.014591 0.029167
0.33928 0.070174 0.39224 0.15459 0.076397 0.03221 -0.064888
0.018204 0.054595 0.12394 -0.10291 0.041023 0.83602 0.029134
0.5007 0.077261 0.047229 0.2406 0.11895 -0.037611 0.052878
0.038019 0.050364 0.094374 0.31075 0.22449 0.29421 -0.012204
0.52793 0.085068 0.087906 0.17099 0.15687 -0.0012305 -0.027535
0.062515 -0.1319 0.22961 0.093599 0.39131 0.22899 0.12587
0.14838 0.051788 0.10899 0.077018 0.20248 0.29072 0.12063
0.31198 0.10081 0.036873 0.26697 0.08431 0.11689 0.08216
0.012132 0.082157 0.009699 0.46084 0.19811 0.29822 -0.061159
0.35279 0.11216 0.1092 0.18859 0.070248 0.12034 0.046679
-0.086835 0.078474 0.34616 0.068834 0.091723 0.12898 0.37267
0.038553 0.079372 0.05113 0.17579 0.16646 0.41781 0.070887
0.042695 0.12768 0.061349 0.02411 0.44338 0.19969 0.1011
0.13489 -0.029803 0.066799 0.093314 0.63878 0.035261 0.060754
0.43481 0.053064 0.28469 0.16052 0.038542 0.13241 -0.10403
0.19547 0.050313 0.48958 0.11026 -0.061668 0.03866 0.17738
0.020465 0.054748 0.14882 0.23652 0.25599 0.20002 0.083437
0.070838 0.022132 0.026361 0.75295 0.052373 0.048219 0.027128
-0.013993 0.072638 0.075842 0.1174 0.22508 0.55575 -0.032723
0.093198 0.15568 0.054297 0.12502 0.28549 0.26578 0.020529
-0.064592 0.18458 0.21255 0.091835 0.082394 0.46682 0.026418
0.079786 0.098545 0.14288 0.13681 0.28582 0.11375 0.14241
0.50809 0.14212 -0.12183 0.21069 0.1601 0.062661 0.038155
0.30359 0.099783 0.11931 0.060337 0.19183 0.10715 0.118
0.028496 0.10073 0.20623 0.25904 0.10582 0.12654 0.17314
0.014683 0.032949 0.34134 0.087314 0.030209 0.094951 0.39855
0.22585 0.1323 0.10143 0.15304 0.21495 0.15071 0.021716
0.10174 0.090916 0.071086 0.059331 0.039921 0.28129 0.35572
0.093163 0.098568 -0.028928 0.21142 0.35607 0.03924 0.23047
0.012952 0.019976 -0.023432 0.11967 0.68182 0.19645 -0.0074352
0.081567 0.092833 0.030604 0.082804 0.14927 0.50804 0.054877
0.095751 0.062189 0.32447 0.15404 0.16778 0.080046 0.11573
-0.055101 0.17549 0.14144 0.07384 0.1792 0.37138 0.11375
0.29861 0.10619 0.13237 0.12364 0.21672 0.55822 -0.43575
0.12761 0.11002 0.041583 0.36639 0.082712 0.23246 0.039229
0.18073 0.057537 -0.038592 0.05178 0.25735 0.14986 0.34133
0.1355 0.29554 -0.0021897 0.11419 0.18408 0.15446 0.11841
0.47197 0.12378 -0.057547 0.10562 0.19711 0.059864 0.099192
0.12049 0.10378 0.020564 0.11115 0.389 0.19057 0.064447
0.035318 0.047486 0.054758 0.56004 0.10951 0.23897 -0.046074
0.12603 0.039191 0.16487 0.22446 0.27524 0.073533 0.09667
0.55385 0.055 0.072692 0.088666 0.21786 -0.02599 0.037922
0.073907 0.13185 0.18487 -0.077974 0.13068 0.46348 0.093191
0.12993 0.034178 0.045246 0.025665 0.50822 0.096218 0.16054
0.12099 -0.088685 0.03514 0.38761 0.14893 0.31556 0.080463
0.089437 -0.0038141 0.0054445 0.22996 0.27439 0.36328 0.041307
0.21644 0.10259 0.048126 0.080934 0.10047 0.19063 0.26082
0.45172 0.071899 -0.010923 0.056849 0.058778 0.18006 0.19162
0.32911 0.03562 -0.0014821 0.5862 0.20642 -0.17833 0.022463
0.19204 0.091828 0.13122 0.1604 0.22266 0.10995 0.091901
0.089434 0.054547 0.041614 0.3718 0.33964 0.047341 0.05562
0.29707 0.057605 0.097463 0.43753 0.020614 0.027813 0.061907
0.29619 0.11056 0.08078 0.11408 0.12938 0.16374 0.10528
0.22868 0.046039 0.18985 0.097887 0.22916 0.086624 0.12176
0.33594 0.089099 0.16406 0.13321 0.11118 0.060272 0.10624
0.15537 0.15594 0.13574 0.12116 0.28326 0.11301 0.035523
0.13174 0.07778 0.11462 0.27223 0.096498 0.21111 0.096019
0.055604 0.06095 0.073538 0.15737 0.34567 0.174 0.13287
0.042307 0.10693 0.068081 0.57845 0.11166 0.060531 0.032046
0.099093 0.050166 0.33024 0.15469 0.21581 0.054339 0.095655
0.10323 0.044787 0.26669 0.10732 0.30572 0.056286 0.11596
0.091684 0.06303 0.17722 0.093209 0.39632 0.093021 0.085517
0.16272 0.085788 0.092026 0.14242 0.15172 0.13446 0.23087
0.14268 0.10519 0.08748 0.12652 0.21661 0.26523 0.05629
0.19659 0.081776 0.15176 0.10085 0.28785 0.078804 0.10238
0.16538 0.07908 0.1666 0.33351 0.093469 0.067246 0.094719
0.056953 0.04399 0.32776 0.38852 0.11473 0.042194 0.025852
0.50979 0.11992 0.13733 0.085949 0.090254 0.025041 0.031721
0.091195 0.13175 0.048775 0.13068 0.38293 0.14321 0.07146
0.16338 0.09974 0.16709 0.23276 0.174 0.12819 0.034846
0.094369 0.11443 0.084496 0.18516 0.2633 0.11393 0.14432
0.11241 0.036278 0.29977 0.38049 0.039309 0.078341 0.053405
0.31827 0.20945 0.1108 0.068273 0.11718 0.066781 0.10923
0.28884 0.10073 0.055758 0.10312 0.16096 0.068629 0.22197
0.15341 0.11593 0.094664 0.13023 0.22847 0.16656 0.11074
0.13033 0.055322 0.34255 0.22462 0.14137 0.059705 0.046101
0.24639 0.10064 0.074134 0.10429 0.23531 0.10549 0.13376
0.026603 0.044806 0.052645 0.22658 0.43377 0.083355 0.13225
0.1193 0.10741 0.13826 0.22661 0.21316 0.15363 0.041623
0.15534 0.16289 0.16191 0.21533 0.13213 0.066235 0.10618
0.12922 0.090431 0.073426 0.36115 0.20084 0.12415 0.020779
0.19329 0.073231 0.12054 0.11818 0.35165 0.07395 0.069149
0.056789 0.077664 0.058609 0.46281 0.23621 0.067832 0.04009
0.21289 0.19834 0.10967 0.16484 0.13721 0.13139 0.045657
0.045805 0.074645 0.24312 0.48208 0.059653 0.026924 0.067778
0.1374 0.089374 0.15742 0.31759 0.11124 0.14329 0.043688
0.05907 0.05303 0.037979 0.17814 0.43476 0.16305 0.073976
0.10344 0.10052 0.03562 0.045341 0.46726 0.19448 0.053338
0.12084 0.059577 0.32079 0.089572 0.22065 0.082851 0.10573
0.26522 0.061239 0.11737 0.13269 0.22085 0.059621 0.14301
0.098196 0.10856 0.1373 0.43566 0.10052 0.0974 0.022367
0.073882 0.086388 0.066541 0.38606 0.20696 0.095641 0.084526
0.15685 0.11624 0.13836 0.33126 0.058143 0.1066 0.092549
0.12246 0.12743 0.062902 0.18689 0.23441 0.11172 0.15418
0.19243 0.074417 0.25324 0.13627 0.22086 0.069258 0.053527
0.13246 0.091951 0.1728 0.099453 0.095543 0.20144 0.20635
0.24598 0.12605 0.092782 0.17147 0.18219 0.074125 0.1074
0.2141 0.11797 0.081699 0.13031 0.13895 0.18738 0.12958
0.07584 0.042684 0.20876 0.41721 0.14369 0.072142 0.039678
0.062349 0.1406 0.089089 0.3013 0.17903 0.19978 0.027855
0.3746 0.13082 0.056947 0.10967 0.13984 0.075851 0.11227
0.12799 0.076957 0.069382 0.19043 0.354 0.11879 0.062454
0.21937 0.19845 0.15604 0.064741 0.13619 0.12235 0.10286
0.18489 0.26535 0.10946 0.23531 0.064001 0.059859 0.081138
0.11177 0.080973 0.12395 0.29144 0.18182 0.1257 0.084342
0.083832 0.11411 0.15396 0.36165 0.20022 0.051611 0.034619
0.044504 0.030478 0.019444 0.54939 0.074685 0.22264 0.058859
0.20011 0.20787 0.11283 0.15954 0.10838 0.14758 0.063689
0.31145 0.083578 0.060323 0.13753 0.22245 0.11123 0.07344
0.12179 0.051776 0.1061 0.21269 0.39905 0.061164 0.04742
0.14704 0.073286 0.11795 0.31941 0.20601 0.069048 0.067265
0.12601 0.10662 0.076664 0.2494 0.14143 0.18093 0.11895
0.10058 0.084091 0.094464 0.15412 0.29141 0.05797 0.21737
0.085182 0.10424 0.081922 0.21892 0.24349 0.16338 0.10287
0.16452 0.069011 0.060733 0.32843 0.21841 0.11294 0.045951
0.15174 0.039924 0.094381 0.19408 0.30507 0.17558 0.03923
0.094958 0.065468 0.13367 0.46516 0.065346 0.077379 0.09801
0.070436 0.11523 0.051111 0.28599 0.32839 0.074648 0.074192
0.10086 0.10613 0.072873 0.20236 0.35375 0.076335 0.087686
0.077007 0.098295 0.050921 0.25983 0.18666 0.29302 0.034275
0.15451 0.084727 0.1303 0.27471 0.26024 0.054363 0.04115
0.043319 0.032747 0.039882 0.11924 0.53682 0.13426 0.09373
0.14793 0.051527 0.071791 0.2788 0.34437 0.069968 0.035615
0.18767 0.060739 0.033348 0.42945 0.10444 0.060717 0.12364
0.11104 0.073313 0.08139 0.19133 0.28707 0.21951 0.036349
0.10334 0.071393 0.065959 0.16429 0.45166 0.086312 0.057038
0.1148 0.044011 0.044052 0.23534 0.40022 0.056226 0.10535
0.098107 0.063569 0.042301 0.12926 0.48385 0.088019 0.094892
0.15293 0.21129 0.089214 0.14108 0.26533 0.075829 0.064334
0.10086 0.10067 0.14274 0.29392 0.18383 0.11939 0.058588
0.096393 0.079719 0.065376 0.10817 0.39298 0.18341 0.073952
0.084008 0.072988 0.073039 0.18398 0.30977 0.14977 0.12645
0.14205 0.058345 0.28366 0.13875 0.19245 0.1424 0.042351
0.116 0.033876 0.075647 0.3864 0.19959 0.16761 0.020874
0.079381 0.097802 0.090946 0.26084 0.26351 0.16965 0.037867
0.23777 0.038386 0.2476 0.15775 0.18886 0.10473 0.024909
0.11643 0.10273 0.072599 0.27906 0.23912 0.10329 0.086774
0.12016 0.11557 0.095138 0.074875 0.46076 0.063229 0.070261
0.13546 0.17331 0.14353 0.15018 0.25149 0.10944 0.036578
0.17778 0.10955 0.13781 0.19296 0.25748 0.054136 0.070293
0.16339 0.14625 0.096637 0.34117 0.10797 0.092109 0.052476
0.26107 0.13646 0.12195 0.14372 0.12842 0.10738 0.10101
0.086661 0.065709 0.26937 0.1447 0.28949 0.087265 0.056808
0.087111 0.075882 0.061441 0.46658 0.12317 0.088169 0.097649
0.082568 0.10696 0.12194 0.088308 0.39712 0.086483 0.11662
0.11526 0.054158 0.082193 0.63686 0.044468 0.033568 0.033489
0.086697 0.069751 0.069182 0.21073 0.37619 0.074747 0.11271
0.034374 0.05794 0.10317 0.53206 0.12569 0.067659 0.079102
0.071822 0.091426 0.083591 0.1217 0.45978 0.13278 0.038895
0.21118 0.12037 0.10651 0.21368 0.22656 0.048224 0.073471
0.091088 0.16784 0.14973 0.06138 0.22761 0.2283 0.074039
0.1317 0.060879 0.044954 0.17671 0.4828 0.04525 0.057701
0.058975 0.072651 0.0692 0.33502 0.12132 0.066542 0.2763
0.097231 0.065362 0.081542 0.29588 0.12063 0.06915 0.27021
0.23053 0.042356 0.085137 0.41092 0.13313 0.055003 0.042929
0.37864 0.11825 0.13478 0.042855 0.16395 0.050925 0.11059
0.071644 0.056596 0.054172 0.26586 0.27781 0.20593 0.067979
0.21219 0.041329 0.17121 0.101 0.30047 0.054426 0.11938
0.11109 0.089361 0.086413 0.4212 0.1075 0.10179 0.082648
0.17356 0.094855 0.068544 0.37884 0.086069 0.13782 0.060314
0.20237 0.087583 0.13777 0.27827 0.05158 0.12554 0.11689
0.21821 0.04399 0.090364 0.23321 0.29592 0.060622 0.057684
0.11163 0.062642 0.036281 0.099329 0.55204 0.070626 0.067453
0.20173 0.077563 0.31741 0.13094 -0.003778 0.15009 0.12604
0.47696 0.11129 -0.023043 0.14009 0.047677 -0.039722 0.28674
0.062911 0.12168 0.11441 0.1149 0.51393 0.15419 -0.082017
0.076833 0.0246 0.093887 0.081524 0.65181 -0.083328 0.15467
0.20337 0.10753 0.035234 0.52323 0.078952 0.034476 0.017208
0.18774 -0.30113 -0.0026538 0.70277 0.11647 0.18942 0.10739
0.17373 0.0089635 0.009539 0.24264 0.31972 0.20085 0.044551
0.25935 0.22971 -0.039232 -0.19334 0.54341 0.1862 0.013899
0.027255 0.14655 0.059887 0.09457 0.40088 0.025102 0.24575
0.13139 0.037028 0.15713 0.084054 0.40834 0.02999 0.15206
0.012548 0.1843 0.026944 0.65063 0.07451 0.026265 0.024798
0.021049 0.089105 -0.020707 0.29576 0.19092 0.19328 0.23059
0.14074 0.066143 0.098617 0.1285 0.458 0.036656 0.071347
0.060056 0.058812 0.072627 0.3179 0.24155 0.13607 0.11298
0.077117 0.036133 0.08869 0.05217 0.52475 0.20758 0.013558
0.039794 0.07879 -0.0059294 0.77898 0.10335 0.0098977 -0.004886
0.17196 0.12373 0.0603 0.34376 0.10864 0.17892 0.012684
0.04718 0.019334 0.069026 0.76478 0.17618 -0.048884 -0.027611
-0.017942 0.090734 -0.027485 0.59947 0.082931 0.27261 -0.00031545
0.52883 0.21386 0.029286 0.053169 0.012737 0.076511 0.085607
0.1003 -0.044943 0.046762 0.87441 0.13042 -0.11478 0.007838
-0.013325 0.051354 0.24586 0.080881 0.18081 0.092125 0.36229
0.39748 0.19651 -0.0083722 0.1177 0.18056 -0.14818 0.2643
0.034442 0.15504 0.027569 0.078709 0.53681 0.13977 0.027666
0.075001 0.074659 0.033274 0.051532 0.080417 0.58746 0.097657
0.033311 0.069213 -0.011439 0.85176 0.054164 0.0080651 -0.0050705
0.087008 -0.20659 0.078994 0.23872 0.80878 -0.083817 0.076905
0.0096153 0.10182 0.042357 0.073379 0.45711 0.19535 0.12037
0.12166 0.023881 0.033062 0.16907 0.21464 0.21586 0.22183
0.3194 0.091862 0.17904 -0.45214 1.0232 0.037467 -0.19886
0.21068 0.073825 0.12517 0.15553 0.23849 0.062785 0.13352
0.10425 0.034802 -0.00083631 0.042245 0.54143 0.22077 0.057336
0.29264 -0.077418 0.087638 0.25597 0.25345 0.11361 0.074115
0.27355 0.091292 0.1035 0.28409 0.18987 0.0060186 0.051676
0.20887 0.18116 0.093789 0.20213 0.21934 0.02097 0.07373
0.096959 -0.082513 0.055568 0.65164 0.19976 0.14998 -0.071395
0.12411 0.091788 1.0789 0.086183 -1.0569 0.63396 0.041936
0.010474 0.059271 0.13685 0.61776 0.11926 0.1367 -0.080316
0.36551 0.22742 0.16633 0.077493 0.11655 0.16222 -0.11553
-0.46573 0.090058 -0.050684 0.77305 0.31469 0.22506 0.11355
0.14788 0.10474 0.095684 0.20321 0.18036 0.15776 0.11037
0.010543 -0.019959 0.0023031 0.85164 0.096327 0.11668 -0.057532
0.023445 -0.049708 0.062684 0.70073 0.097897 0.17805 -0.013094
0.014149 -0.027419 -0.0098787 0.015402 0.60394 0.41177 -0.0079598
-0.0087465 0.062118 0.14151 0.17849 0.38485 0.20552 0.036265
0.15121 0.15596 0.030693 0.28435 0.18904 0.18177 0.0069746
0.24127 0.036203 0.047967 0.070398 0.26621 0.11701 0.22094
0.42854 0.078609 0.029115 -0.00066382 0.018228 0.29539 0.15078
0.17495 0.15136 -0.050256 0.47993 0.11193 0.13908 -0.0069947
0.071417 0.35805 0.042299 0.16423 0.042525 0.22047 0.10101
0.15401 0.22143 0.15883 0.1503 -0.12433 0.23781 0.20195
0.065531 0.16731 0.0033133 0.59693 0.3943 -0.22763 0.00023901
0.12923 0.077741 -0.0029988 0.23035 0.33689 0.07785 0.15094
0.11942 0.057345 -0.22306 0.19034 0.12777 0.65203 0.076161
0.16468 0.096943 -0.014995 0.059715 0.087922 0.41561 0.19013
0.023479 0.11051 0.066568 0.72898 0.15406 -0.093774 0.01017
0.048369 0.20393 0.023437 0.085496 0.30299 0.12755 0.20822
0.081367 0.069141 0.059781 0.60623 -0.19373 0.21335 0.16387
0.22042 0.12919 0.056159 0.40702 0.14242 0.010659 0.034128
0.12676 0.057283 0.064619 0.098281 0.34258 0.22507 0.0854
0.079412 0.059273 0.06118 0.11367 0.43602 0.16308 0.087361
0.10397 0.10867 0.040067 0.29545 0.20695 0.023286 0.22161
0.023455 0.066685 0.44851 0.086476 0.10909 0.078548 0.18723
0.13639 0.04743 0.019044 0.60168 0.055423 0.086544 0.053495
0.10456 0.12204 0.21385 0.073904 0.41723 0.08581 -0.017389
0.32088 0.29987 -0.060971 -0.015707 0.32322 0.12383 0.008876
0.08326 -0.092649 0.035998 0.28472 0.43128 0.2175 0.039887
0.18981 0.44666 -0.018563 0.096568 0.30325 0.045242 -0.062965
0.24895 0.076918 0.1231 0.25968 0.14897 -0.17873 0.32112
0.29777 0.10283 0.080448 0.10554 0.16126 0.034354 0.21781
0.045708 0.032059 0.0030956 0.58421 0.16399 0.16079 0.010138
-0.07338 0.02444 0.30475 0.3222 0.21033 0.20687 0.0047938
-0.11857 0.089808 0.36583 0.15762 0.10453 0.30137 0.099425
0.22474 0.015611 0.024574 0.060043 0.17363 0.14003 0.36137
0.035677 0.12937 0.0062943 0.10818 0.53821 0.029313 0.15296
0.075156 0.1042 0.01376 0.6868 0.099842 -0.038493 0.058736
0.36102 -0.003432 0.063111 0.06502 0.30768 0.065296 0.1413
0.11044 0.030862 0.15771 0.056815 0.57546 -0.019096 0.087815
0.024753 0.7128 -0.078551 0.15135 0.3893 -0.21699 0.017338
0.12602 -0.017341 0.15479 0.19919 0.1054 0.36012 0.071815
0.097838 0.036101 0.029101 0.034113 0.6055 0.12352 0.073824
0.0088806 0.12781 0.089974 0.10046 0.10947 0.29712 0.26629
0.01388 0.014572 -0.023876 0.94927 0.015283 0.032418 -0.0015432
0.34403 0.071517 0.043103 0.14893 0.25534 0.10065 0.036434
-0.045918 0.046 0.20335 0.17063 0.39339 0.10735 0.1252
0.098734 0.029963 0.024511 0.015813 0.49558 0.33255 0.002851
0.16991 -0.019926 0.085961 0.5785 0.16635 0.0076148 0.011588
0.11485 0.02158 -0.18826 0.068462 0.32581 0.53604 0.12152
0.19146 0.049665 -0.0012793 0.74244 0.0032717 0.011964 0.0024708
0.1113 0.065581 0.27874 0.12799 0.14722 0.25143 0.017734
0.23534 0.15665 0.074678 0.11169 0.13169 0.15212 0.13783
0.17676 0.19424 0.0012039 0.095296 0.45424 0.056771 0.021483
0.34768 0.095444 8.7336e-05 0.2326 0.037349 0.1025 0.18434
0.1803 0.077858 0.065824 0.28988 0.13828 0.23963 0.0082196
0.014919 0.10133 -0.037504 0.55826 0.050097 0.27362 0.039282
0.18191 0.082064 0.077661 0.22665 0.09965 0.31926 0.012795
-0.021107 0.12529 0.09383 0.16354 0.29937 0.16393 0.17515
0.1898 0.052459 0.021331 0.57724 0.037377 0.063639 0.058156
0.41008 0.060778 -0.034598 0.087298 0.19239 0.14901 0.13503
-0.17733 0.05784 0.04691 0.31588 0.067242 0.4732 0.21626
0.52904 0.12557 0.083794 0.095928 0.087081 0.098248 -0.019658
0.19697 0.039777 0.075447 -0.0055376 0.64044 0.0020267 0.050872
0.27533 0.30032 0.20404 0.066834 0.14203 -0.0060127 0.017459
0.45712 0.039546 0.081547 0.054832 0.096418 0.10682 0.16372
-0.20251 0.046609 0.83207 0.046342 0.034868 0.077866 0.16475
0.034673 0.055908 0.029055 0.043968 0.18475 0.58538 0.066268
0.1467 0.031075 -0.15313 0.082055 0.56684 0.27888 0.04758
0.19199 0.06468 0.2415 0.16259 0.10475 0.07411 0.16038
0.16507 0.59687 0.082335 0.11434 0.23573 -0.22993 0.035582
0.09019 0.05786 0.075901 -0.00055401 0.18853 0.44669 0.14138
0.44314 0.12827 0.18268 0.098327 0.071661 0.036758 0.039168
0.26354 0.095664 0.13866 0.30968 0.2398 0.0035573 -0.050905
0.42773 0.062827 0.11469 0.16262 0.050851 0.079965 0.10131
0.45168 0.0035951 0.031962 0.13705 0.35222 -0.074105 0.097597
